0
0
0
0
0
0
0
0
0
0
0
0
0
0
0
0
0
0
0
0
0
0
0
0
0
0
0
0
0
0
0
0
0
0
0
0
0
0
0
0
0
0
0
0
0
0
0
0
0
0
0
0
0
0
0
0
0
0
0
0
0
0
0
0
0
0
0
0
0
0
0
0
0
0
0
0
0
0
0
0
0
0
0
0
0
0
0
0
0
0
0
0
0
0
0
0
0
0
0
0
0
0
0
0
0
0
0
0
0
0
0
0
0
0
0
0
0
0
0
0
0
0
0
0
0
0
0
0
0
0
0
0
0
0
0
0
0
0
0
0
0
0
0
0
0
0
0
0
0
0
0
0
0
0
0
0
0
0
0
0
0
0
0
0
0
0
0
0
0
0
0
0
0
0
0
0
0
0
0
0
0
0
0
0
0
0
0
0
0
0
0
0
0
0
0
0
0
0
0
0
0
0
0
0
0
0
0
0
0
0
0
0
0
0
0
0
0
0
0
0
0
0
0
0
0
0
0
0
0
0
0
0
0
0
0
0
0
0
0
0
0
0
0
0
0
0
0
0
0
0
0
0
0
0
0
0
0
0
0
0
0
0
0
0
0
0
0
0
0
0
0
0
0
0
0
0
0
0
0
0
0
0
0
0
0
0
0
0
0
0
0
0
0
0
0
0
0
0
0
0
0
0
0
0
0
0
0
0
0
0
0
0
0
0
0
0
0
0
0
0
0
0
0
0
0
0
0
0
0
0
0
0
0
0
0
0
0
0
0
0
0
0
0
0
0
0
0
0
0
0
0
0
0
0
0
0
0
0
0
0
0
0
0
0
0
0
0
0
0
0
0
0
0
0
0
0
0
0
0
0
0
0
0
0
0
0
0
0
0
0
0
0
0
0
0
0
0
0
0
0
0
0
0
0
0
0
0
0
0
0
0
0
0
0
0
0
0
0
0
0
0
0
0
0
0
0
0
0
0
0
0
0
0
0
0
0
0
0
0
0
0
0
0
0
0
0
0
0
0
0
0
0
0
0
0
0
0
0
0
0
0
0
0
0
0
0
0
0
0
0
0
0
0
0
0
0
0
0
0
0
0
0
0
0
0
0
0
0
0
0
0
0
0
0
0
0
0
0
0
0
0
0
0
0
0
0
0
0
0
0
0
0
0
0
0
0
0
0
0
0
0
0
0
0
0
0
0
0
0
0
0
0
0
0
0
0
0
0
0
0
0
0
0
0
0
0
0
0
0
0
0
0
0
0
0
0
175.392857142857
175.392857142857
176.821428571429
176.821428571429
184.321428571429
184.321428571429
116.428571428571
116.428571428571
185.178571428571
185.178571428571
184.5
184.5
184.392857142857
184.392857142857
184.571428571429
184.571428571429
62.5
62.5
62.5
62.5
108.035714285714
108.035714285714
126.428571428571
126.428571428571
108.928571428571
108.928571428571
107.857142857143
107.857142857143
106.964285714286
106.964285714286
118.75
118.75
109.821428571429
109.821428571429
115
115
62.5
62.5
62.5
62.5
62.5
62.5
62.5
62.5
62.5
62.5
108.75
108.75
112.857142857143
112.857142857143
108.214285714286
108.214285714286
125.357142857143
125.357142857143
125.714285714286
125.714285714286
133.392857142857
133.392857142857
124.821428571429
124.821428571429
122.142857142857
122.142857142857
125.714285714286
125.714285714286
45.9285714285714
45.9285714285714
35.8928571428571
35.8928571428571
35.7142857142857
35.7142857142857
35.7142857142857
35.7142857142857
36.0357142857143
36.0357142857143
353.571428571429
353.571428571429
354.678571428571
354.678571428571
354.642857142857
354.642857142857
152.321428571429
152.321428571429
155.535714285714
155.535714285714
167.857142857143
167.857142857143
305.267857142857
305.267857142857
53.5714285714286
53.5714285714286
53.1785714285714
53.1785714285714
48.6428571428571
48.6428571428571
44.6428571428571
44.6428571428571
41.0714285714286
41.0714285714286
41.0714285714286
41.0714285714286
41.0714285714286
41.0714285714286
44.6428571428571
44.6428571428571
41.0714285714286
41.0714285714286
46.9285714285714
46.9285714285714
46.6071428571429
46.6071428571429
46.6071428571429
46.6071428571429
36.4285714285714
36.4285714285714
30.6071428571429
30.6071428571429
193.107142857143
193.107142857143
183.392857142857
183.392857142857
181.785714285714
181.785714285714
181.428571428571
181.428571428571
230.357142857143
230.357142857143
192.785714285714
192.785714285714
165.642857142857
165.642857142857
165.642857142857
165.642857142857
41.0714285714286
41.0714285714286
41.2857142857143
41.2857142857143
42.8571428571429
42.8571428571429
38.1785714285714
38.1785714285714
43.7142857142857
43.7142857142857
43.5714285714286
43.5714285714286
43.7857142857143
43.7857142857143
44
44
44.4285714285714
44.4285714285714
41.0714285714286
41.0714285714286
38.9285714285714
38.9285714285714
43.4642857142857
43.4642857142857
42.8571428571429
42.8571428571429
194.642857142857
194.642857142857
183.857142857143
183.857142857143
197.071428571429
197.071428571429
200.142857142857
200.142857142857
268.732142857143
268.732142857143
24.6428571428571
24.6428571428571
24.6428571428571
24.6428571428571
24.6428571428571
24.6428571428571
24.6428571428571
24.6428571428571
24.6428571428571
24.6428571428571
24.6428571428571
24.6428571428571
24.6428571428571
24.6428571428571
24.6428571428571
24.6428571428571
24.6428571428571
24.6428571428571
25.2142857142857
25.2142857142857
24.6428571428571
24.6428571428571
24.6428571428571
24.6428571428571
24.6428571428571
24.6428571428571
14.6428571428571
14.6428571428571
22.25
22.25
24.6428571428571
24.6428571428571
24.6428571428571
24.6428571428571
24.6428571428571
24.6428571428571
24.6428571428571
24.6428571428571
24.6071428571429
24.6071428571429
24.6428571428571
24.6428571428571
24.6428571428571
24.6428571428571
24.6428571428571
24.6428571428571
24.6428571428571
24.6428571428571
24.6428571428571
24.6428571428571
24.6428571428571
24.6428571428571
25
25
23.1428571428571
23.1428571428571
24.6428571428571
24.6428571428571
24.6428571428571
24.6428571428571
24.6428571428571
24.6428571428571
24.6428571428571
24.6428571428571
24.6428571428571
24.6428571428571
24.6428571428571
24.6428571428571
24.6428571428571
24.6428571428571
24.6428571428571
24.6428571428571
24.6428571428571
24.6428571428571
24.6428571428571
24.6428571428571
24.6428571428571
24.6428571428571
24.6428571428571
24.6428571428571
169.5
169.5
177.535714285714
177.535714285714
173.857142857143
173.857142857143
188.285714285714
188.285714285714
194.857142857143
194.857142857143
185.357142857143
185.357142857143
183.285714285714
183.285714285714
296.232142857143
296.232142857143
295.428571428571
295.428571428571
288
288
160.535714285714
160.535714285714
195.75
195.75
488.035714285714
488.035714285714
34.8214285714286
34.8214285714286
359.928571428571
359.928571428571
133.75
133.75
124.107142857143
124.107142857143
124.107142857143
124.107142857143
124.107142857143
124.107142857143
124.107142857143
124.107142857143
124.107142857143
124.107142857143
188
188
183.392857142857
183.392857142857
194.642857142857
194.642857142857
134.642857142857
134.642857142857
130.357142857143
130.357142857143
130.357142857143
130.357142857143
133.928571428571
133.928571428571
82.1428571428571
82.1428571428571
180.357142857143
180.357142857143
168.321428571429
168.321428571429
167.964285714286
167.964285714286
174.142857142857
174.142857142857
175.857142857143
175.857142857143
160.392857142857
160.392857142857
254.107142857143
254.107142857143
262.428571428571
262.428571428571
59.6785714285714
59.6785714285714
59.6785714285714
59.6785714285714
50.8928571428571
50.8928571428571
55.3571428571429
55.3571428571429
62.5
62.5
59.6785714285714
59.6785714285714
59.6785714285714
59.6785714285714
59.6785714285714
59.6785714285714
47.7678571428571
47.7678571428571
47.3214285714286
47.3214285714286
47.3214285714286
47.3214285714286
41.0714285714286
41.0714285714286
41.0714285714286
41.0714285714286
41.0714285714286
41.0714285714286
41.0714285714286
41.0714285714286
46.4285714285714
46.4285714285714
47.3214285714286
47.3214285714286
47.3214285714286
47.3214285714286
49.1071428571429
49.1071428571429
47.3214285714286
47.3214285714286
0
0
49.1071428571429
49.1071428571429
47.3214285714286
47.3214285714286
0
0
47.3214285714286
47.3214285714286
197.25
197.25
326.107142857143
326.107142857143
5.35714285714286
5.35714285714286
150
150
150
150
46.6071428571429
46.6071428571429
55.3571428571429
55.3571428571429
48.2142857142857
48.2142857142857
48.4642857142857
48.4642857142857
45.1785714285714
45.1785714285714
44.6428571428571
44.6428571428571
46.4285714285714
46.4285714285714
35.7142857142857
35.7142857142857
289.464285714286
289.464285714286
91.0714285714286
91.0714285714286
58.9285714285714
58.9285714285714
61.2857142857143
61.2857142857143
57.1428571428571
57.1428571428571
28.1071428571429
28.1071428571429
91.4285714285714
91.4285714285714
96.5
96.5
28.4285714285714
28.4285714285714
5.14285714285714
5.14285714285714
30.7142857142857
30.7142857142857
57.1428571428571
57.1428571428571
57.6071428571429
57.6071428571429
60.7142857142857
60.7142857142857
59.6071428571429
59.6071428571429
24.9285714285714
24.9285714285714
83
83
91.0714285714286
91.0714285714286
82.1428571428571
82.1428571428571
91.0357142857143
91.0357142857143
82.1428571428571
82.1428571428571
35.7142857142857
35.7142857142857
82.1428571428571
82.1428571428571
90.5714285714286
90.5714285714286
46.4285714285714
46.4285714285714
46.4285714285714
46.4285714285714
30.3571428571429
30.3571428571429
57.1428571428571
57.1428571428571
30.3571428571429
30.3571428571429
90.1428571428571
90.1428571428571
82.5714285714286
82.5714285714286
91.1785714285714
91.1785714285714
89.7857142857143
89.7857142857143
100.642857142857
100.642857142857
79.6785714285714
79.6785714285714
35.7142857142857
35.7142857142857
35.6428571428571
35.6428571428571
35.7142857142857
35.7142857142857
62.0714285714286
62.0714285714286
93.5357142857143
93.5357142857143
39.2857142857143
39.2857142857143
81.1785714285714
81.1785714285714
57.6071428571429
57.6071428571429
78.5714285714286
78.5714285714286
48.2142857142857
48.2142857142857
60.7142857142857
60.7142857142857
30.4285714285714
30.4285714285714
39.2857142857143
39.2857142857143
123.857142857143
123.857142857143
37.5
37.5
283.607142857143
283.607142857143
275.964285714286
275.964285714286
275.035714285714
275.035714285714
273.035714285714
273.035714285714
280
280
264
264
262
262
262.178571428571
262.178571428571
258.785714285714
258.785714285714
82.1428571428571
82.1428571428571
54.1428571428571
54.1428571428571
19.6428571428571
19.6428571428571
19.6428571428571
19.6428571428571
101.785714285714
101.785714285714
70.1785714285714
70.1785714285714
150
150
154.678571428571
154.678571428571
249.642857142857
249.642857142857
270.892857142857
270.892857142857
200.357142857143
200.357142857143
172.392857142857
172.392857142857
194.857142857143
194.857142857143
115.25
115.25
168.214285714286
168.214285714286
269.964285714286
269.964285714286
148.5
148.5
258.642857142857
258.642857142857
76.8571428571429
76.8571428571429
100.214285714286
100.214285714286
52.3928571428571
52.3928571428571
71.0714285714286
71.0714285714286
101.785714285714
101.785714285714
77.6071428571429
77.6071428571429
75
75
73.6428571428571
73.6428571428571
75.7857142857143
75.7857142857143
82.1428571428571
82.1428571428571
80.0714285714286
80.0714285714286
73.1428571428571
73.1428571428571
74
74
73.9642857142857
73.9642857142857
101.785714285714
101.785714285714
54.1428571428571
54.1428571428571
101.785714285714
101.785714285714
65.0357142857143
65.0357142857143
55.8571428571429
55.8571428571429
59.0357142857143
59.0357142857143
53.9642857142857
53.9642857142857
101.785714285714
101.785714285714
57.0714285714286
57.0714285714286
60.4285714285714
60.4285714285714
60.5714285714286
60.5714285714286
52.5
52.5
101.785714285714
101.785714285714
40.25
40.25
57.8214285714286
57.8214285714286
58.0714285714286
58.0714285714286
194.642857142857
194.642857142857
28.25
28.25
35.7142857142857
35.7142857142857
254.160714285714
254.160714285714
46.6071428571429
46.6071428571429
36.6071428571429
36.6071428571429
42.8571428571429
42.8571428571429
146.857142857143
146.857142857143
160.5
160.5
42.8571428571429
42.8571428571429
42.8571428571429
42.8571428571429
42.8571428571429
42.8571428571429
33.0357142857143
33.0357142857143
121.428571428571
121.428571428571
249.107142857143
249.107142857143
101.857142857143
101.857142857143
48.75
48.75
58.9285714285714
58.9285714285714
21.5357142857143
21.5357142857143
32.1428571428571
32.1428571428571
36.25
36.25
43.8214285714286
43.8214285714286
43.8214285714286
43.8214285714286
33.0357142857143
33.0357142857143
154.892857142857
154.892857142857
159.821428571429
159.821428571429
128.535714285714
128.535714285714
189.607142857143
189.607142857143
183.607142857143
183.607142857143
173.214285714286
173.214285714286
32.1428571428571
32.1428571428571
36.25
36.25
35.5357142857143
35.5357142857143
31.3214285714286
31.3214285714286
33.75
33.75
168.785714285714
168.785714285714
42.8571428571429
42.8571428571429
42.8571428571429
42.8571428571429
42.8571428571429
42.8571428571429
42.8571428571429
42.8571428571429
42.8571428571429
42.8571428571429
42.8571428571429
42.8571428571429
42.8571428571429
42.8571428571429
42.8571428571429
42.8571428571429
32.1428571428571
32.1428571428571
45.8928571428571
45.8928571428571
159.714285714286
159.714285714286
162.035714285714
162.035714285714
252.803571428571
252.803571428571
239.285714285714
239.285714285714
43.9642857142857
43.9642857142857
46
46
44.6428571428571
44.6428571428571
33.9285714285714
33.9285714285714
33.9285714285714
33.9285714285714
33.9285714285714
33.9285714285714
33.9285714285714
33.9285714285714
36.5
36.5
36.2857142857143
36.2857142857143
36.4642857142857
36.4642857142857
33.9285714285714
33.9285714285714
33.9285714285714
33.9285714285714
36.25
36.25
334.428571428571
334.428571428571
334.428571428571
334.428571428571
64.7142857142857
64.7142857142857
286.607142857143
286.607142857143
272.357142857143
272.357142857143
255
255
301.785714285714
301.785714285714
72.0357142857143
72.0357142857143
44
44
44.5357142857143
44.5357142857143
71.25
71.25
41.6071428571429
41.6071428571429
278.964285714286
278.964285714286
51.9642857142857
51.9642857142857
53.2142857142857
53.2142857142857
52.9642857142857
52.9642857142857
52.7857142857143
52.7857142857143
76.9642857142857
76.9642857142857
168.785714285714
168.785714285714
227.642857142857
227.642857142857
251.857142857143
251.857142857143
169.642857142857
169.642857142857
251.785714285714
251.785714285714
144.107142857143
144.107142857143
101.964285714286
101.964285714286
112.142857142857
112.142857142857
254.964285714286
254.964285714286
273.607142857143
273.607142857143
41.7857142857143
41.7857142857143
230.571428571429
230.571428571429
44.1071428571429
44.1071428571429
142.857142857143
142.857142857143
274.607142857143
274.607142857143
250.964285714286
250.964285714286
296.714285714286
296.714285714286
310.857142857143
310.857142857143
191.964285714286
191.964285714286
367.142857142857
367.142857142857
32.1428571428571
32.1428571428571
32.1428571428571
32.1428571428571
32.1428571428571
32.1428571428571
35.7142857142857
35.7142857142857
35.7142857142857
35.7142857142857
33.7142857142857
33.7142857142857
35.7142857142857
35.7142857142857
32.1428571428571
32.1428571428571
24.4642857142857
24.4642857142857
41.0714285714286
41.0714285714286
44.6428571428571
44.6428571428571
40.0357142857143
40.0357142857143
196.321428571429
196.321428571429
36.6071428571429
36.6071428571429
36.6071428571429
36.6071428571429
36.6071428571429
36.6071428571429
36.6071428571429
36.6071428571429
34.6428571428571
34.6428571428571
34.6428571428571
34.6428571428571
34.6428571428571
34.6428571428571
36.6071428571429
36.6071428571429
34.6428571428571
34.6428571428571
34.6428571428571
34.6428571428571
33.75
33.75
151.428571428571
151.428571428571
144.178571428571
144.178571428571
144.892857142857
144.892857142857
42.8571428571429
42.8571428571429
50.3214285714286
50.3214285714286
125
125
125
125
125
125
44.4285714285714
44.4285714285714
45.3571428571429
45.3571428571429
45.3571428571429
45.3571428571429
45.3571428571429
45.3571428571429
136.571428571429
136.571428571429
34.6428571428571
34.6428571428571
46.6071428571429
46.6071428571429
46.4285714285714
46.4285714285714
46.6071428571429
46.6071428571429
48.8214285714286
48.8214285714286
237.928571428571
237.928571428571
34.8214285714286
34.8214285714286
34.8214285714286
34.8214285714286
119.642857142857
119.642857142857
119.642857142857
119.642857142857
119.642857142857
119.642857142857
119.642857142857
119.642857142857
119.642857142857
119.642857142857
119.642857142857
119.642857142857
119.642857142857
119.642857142857
119.642857142857
119.642857142857
119.642857142857
119.642857142857
119.642857142857
119.642857142857
119.642857142857
119.642857142857
119.642857142857
119.642857142857
119.642857142857
119.642857142857
119.642857142857
119.642857142857
119.642857142857
119.642857142857
119.642857142857
119.642857142857
345.642857142857
345.642857142857
44.3928571428571
44.3928571428571
44.3928571428571
44.3928571428571
45.3571428571429
45.3571428571429
43.9285714285714
43.9285714285714
41.9642857142857
41.9642857142857
41.9642857142857
41.9642857142857
41.9642857142857
41.9642857142857
0
0
41.9642857142857
41.9642857142857
216.535714285714
216.535714285714
254.357142857143
254.357142857143
33.75
33.75
53.8928571428571
53.8928571428571
33.9285714285714
33.9285714285714
349.5
349.5
1338.21428571429
1338.21428571429
8.42857142857143
8.42857142857143
46.7857142857143
46.7857142857143
43.8571428571429
43.8571428571429
44.6428571428571
44.6428571428571
9.78571428571429
9.78571428571429
9.78571428571429
9.78571428571429
9.78571428571429
9.78571428571429
9.78571428571429
9.78571428571429
9.78571428571429
9.78571428571429
9.78571428571429
9.78571428571429
9.78571428571429
9.78571428571429
9.78571428571429
9.78571428571429
157.142857142857
157.142857142857
45.1785714285714
45.1785714285714
50.6071428571429
50.6071428571429
45
45
40.6071428571429
40.6071428571429
36.6071428571429
36.6071428571429
213.035714285714
213.035714285714
48.2142857142857
48.2142857142857
36.6071428571429
36.6071428571429
212.5
212.5
212.5
212.5
212.5
212.5
229.107142857143
229.107142857143
226.285714285714
226.285714285714
283.553571428571
283.553571428571
279
279
51.8571428571429
51.8571428571429
242.785714285714
242.785714285714
108.928571428571
108.928571428571
72.6785714285714
72.6785714285714
314.785714285714
314.785714285714
315.178571428571
315.178571428571
109.642857142857
109.642857142857
868.035714285714
868.035714285714
135.714285714286
135.714285714286
103.571428571429
103.571428571429
135.714285714286
135.714285714286
135.714285714286
135.714285714286
135.714285714286
135.714285714286
167.857142857143
167.857142857143
167.857142857143
167.857142857143
167.857142857143
167.857142857143
157.5
157.5
184.821428571429
184.821428571429
52.0714285714286
52.0714285714286
50.6071428571429
50.6071428571429
52.9642857142857
52.9642857142857
126.642857142857
126.642857142857
32.1428571428571
32.1428571428571
32.1428571428571
32.1428571428571
32.1428571428571
32.1428571428571
32.1428571428571
32.1428571428571
35.7142857142857
35.7142857142857
35.7142857142857
35.7142857142857
35.7142857142857
35.7142857142857
47.3214285714286
47.3214285714286
47.3214285714286
47.3214285714286
50.3571428571429
50.3571428571429
49.6785714285714
49.6785714285714
47.6071428571429
47.6071428571429
47.4285714285714
47.4285714285714
47.3214285714286
47.3214285714286
46.6071428571429
46.6071428571429
45.3571428571429
45.3571428571429
52.7142857142857
52.7142857142857
45.1785714285714
45.1785714285714
45.1785714285714
45.1785714285714
46.0714285714286
46.0714285714286
45.9285714285714
45.9285714285714
254.535714285714
254.535714285714
289.214285714286
289.214285714286
292.267857142857
292.267857142857
269.642857142857
269.642857142857
292.392857142857
292.392857142857
161.678571428571
161.678571428571
291.285714285714
291.285714285714
236.607142857143
236.607142857143
187.964285714286
187.964285714286
202.25
202.25
202
202
326.678571428571
326.678571428571
208.392857142857
208.392857142857
226.535714285714
226.535714285714
189.535714285714
189.535714285714
195.178571428571
195.178571428571
352.678571428571
352.678571428571
194.892857142857
194.892857142857
251
251
200.142857142857
200.142857142857
291.857142857143
291.857142857143
199.892857142857
199.892857142857
205.25
205.25
187.321428571429
187.321428571429
256.035714285714
256.035714285714
250.25
250.25
264.035714285714
264.035714285714
142.357142857143
142.357142857143
133.857142857143
133.857142857143
235.214285714286
235.214285714286
174.964285714286
174.964285714286
171.535714285714
171.535714285714
274.214285714286
274.214285714286
270.142857142857
270.142857142857
268.142857142857
268.142857142857
68.0714285714286
68.0714285714286
75.5357142857143
75.5357142857143
70.1428571428571
70.1428571428571
71.6071428571429
71.6071428571429
207.928571428571
207.928571428571
139.107142857143
139.107142857143
346.178571428571
346.178571428571
195.035714285714
195.035714285714
915.535714285714
915.535714285714
198.535714285714
198.535714285714
215.571428571429
215.571428571429
164.785714285714
164.785714285714
238.5
238.5
244.25
244.25
250.214285714286
250.214285714286
160.642857142857
160.642857142857
208
208
233.928571428571
233.928571428571
252
252
236.285714285714
236.285714285714
145.142857142857
145.142857142857
155.035714285714
155.035714285714
80.3571428571429
80.3571428571429
295.607142857143
295.607142857143
251.071428571429
251.071428571429
282.571428571429
282.571428571429
288.75
288.75
295.285714285714
295.285714285714
282.321428571429
282.321428571429
119.821428571429
119.821428571429
224.892857142857
224.892857142857
227.571428571429
227.571428571429
263.464285714286
263.464285714286
266.964285714286
266.964285714286
117.75
117.75
216.714285714286
216.714285714286
117.357142857143
117.357142857143
174.892857142857
174.892857142857
254.821428571429
254.821428571429
262.392857142857
262.392857142857
268.714285714286
268.714285714286
171.571428571429
171.571428571429
286.25
286.25
268.607142857143
268.607142857143
274.321428571429
274.321428571429
243.535714285714
243.535714285714
142.678571428571
142.678571428571
146.821428571429
146.821428571429
141.821428571429
141.821428571429
252.571428571429
252.571428571429
130.321428571429
130.321428571429
322.857142857143
322.857142857143
248.321428571429
248.321428571429
165.392857142857
165.392857142857
202.428571428571
202.428571428571
251.178571428571
251.178571428571
107.607142857143
107.607142857143
233.75
233.75
202.285714285714
202.285714285714
252.142857142857
252.142857142857
195.035714285714
195.035714285714
215.892857142857
215.892857142857
224.964285714286
224.964285714286
242.071428571429
242.071428571429
194.892857142857
194.892857142857
151.964285714286
151.964285714286
280.642857142857
280.642857142857
204.071428571429
204.071428571429
181.464285714286
181.464285714286
201.75
201.75
326.214285714286
326.214285714286
242.142857142857
242.142857142857
197.714285714286
197.714285714286
195.071428571429
195.071428571429
150.642857142857
150.642857142857
133.5
133.5
260.785714285714
260.785714285714
187.428571428571
187.428571428571
196.25
196.25
164.892857142857
164.892857142857
194.428571428571
194.428571428571
112.321428571429
112.321428571429
184.642857142857
184.642857142857
178.75
178.75
35.7142857142857
35.7142857142857
34.8214285714286
34.8214285714286
34.8214285714286
34.8214285714286
36
36
34.8214285714286
34.8214285714286
35.2857142857143
35.2857142857143
35.1785714285714
35.1785714285714
42.8571428571429
42.8571428571429
42.8571428571429
42.8571428571429
42.8571428571429
42.8571428571429
42.8571428571429
42.8571428571429
42.8571428571429
42.8571428571429
43.8571428571429
43.8571428571429
42.8571428571429
42.8571428571429
44.6428571428571
44.6428571428571
44.6428571428571
44.6428571428571
42.8571428571429
42.8571428571429
43.9285714285714
43.9285714285714
165.357142857143
165.357142857143
226.714285714286
226.714285714286
193.035714285714
193.035714285714
196.642857142857
196.642857142857
193.071428571429
193.071428571429
193.357142857143
193.357142857143
198.392857142857
198.392857142857
196.071428571429
196.071428571429
193.035714285714
193.035714285714
194.857142857143
194.857142857143
193.428571428571
193.428571428571
196.142857142857
196.142857142857
71.4285714285714
71.4285714285714
62.5
62.5
62.5
62.5
62.5
62.5
62.5
62.5
58.9285714285714
58.9285714285714
58.9285714285714
58.9285714285714
58.9285714285714
58.9285714285714
35.7142857142857
35.7142857142857
35.7142857142857
35.7142857142857
35.7142857142857
35.7142857142857
30.3571428571429
30.3571428571429
30.3571428571429
30.3571428571429
30.3571428571429
30.3571428571429
30.3571428571429
30.3571428571429
30.3571428571429
30.3571428571429
30.3571428571429
30.3571428571429
157.142857142857
157.142857142857
151.321428571429
151.321428571429
153.571428571429
153.571428571429
153.75
153.75
453.964285714286
453.964285714286
33.0357142857143
33.0357142857143
35.9642857142857
35.9642857142857
34.8214285714286
34.8214285714286
34.8214285714286
34.8214285714286
34.8214285714286
34.8214285714286
32.1428571428571
32.1428571428571
35.8214285714286
35.8214285714286
31.0714285714286
31.0714285714286
31.0714285714286
31.0714285714286
32.1428571428571
32.1428571428571
34.8214285714286
34.8214285714286
33.0357142857143
33.0357142857143
198.035714285714
198.035714285714
195.464285714286
195.464285714286
204.642857142857
204.642857142857
204.107142857143
204.107142857143
195.428571428571
195.428571428571
192.678571428571
192.678571428571
204.678571428571
204.678571428571
203.5
203.5
199.5
199.5
192.928571428571
192.928571428571
199.642857142857
199.642857142857
194.678571428571
194.678571428571
42.8571428571429
42.8571428571429
182.535714285714
182.535714285714
168.035714285714
168.035714285714
202.678571428571
202.678571428571
192.142857142857
192.142857142857
194.642857142857
194.642857142857
198.571428571429
198.571428571429
42.5357142857143
42.5357142857143
42.8571428571429
42.8571428571429
50.6071428571429
50.6071428571429
43.6785714285714
43.6785714285714
43.7857142857143
43.7857142857143
272.464285714286
272.464285714286
176.785714285714
176.785714285714
100
100
92.8571428571429
92.8571428571429
83.1428571428571
83.1428571428571
73.3571428571429
73.3571428571429
83.1428571428571
83.1428571428571
73.3571428571429
73.3571428571429
73
73
83.1428571428571
83.1428571428571
79.4285714285714
79.4285714285714
83.1428571428571
83.1428571428571
80.4642857142857
80.4642857142857
51.7857142857143
51.7857142857143
58.1428571428571
58.1428571428571
57.4642857142857
57.4642857142857
59.25
59.25
57.9285714285714
57.9285714285714
56.6785714285714
56.6785714285714
54.4642857142857
54.4642857142857
39.9642857142857
39.9642857142857
42.0714285714286
42.0714285714286
39.8571428571429
39.8571428571429
57.4642857142857
57.4642857142857
51.7857142857143
51.7857142857143
54.4642857142857
54.4642857142857
54.4642857142857
54.4642857142857
50.0357142857143
50.0357142857143
54.4642857142857
54.4642857142857
54.4642857142857
54.4642857142857
51.7857142857143
51.7857142857143
63.8928571428571
63.8928571428571
66.9642857142857
66.9642857142857
66.9642857142857
66.9642857142857
66.9642857142857
66.9642857142857
66.9642857142857
66.9642857142857
66.9642857142857
66.9642857142857
66.9642857142857
66.9642857142857
57.25
57.25
61.6071428571429
61.6071428571429
66.5357142857143
66.5357142857143
66.5357142857143
66.5357142857143
61.6071428571429
61.6071428571429
44.1071428571429
44.1071428571429
44.3214285714286
44.3214285714286
63.5714285714286
63.5714285714286
61.9642857142857
61.9642857142857
60.0357142857143
60.0357142857143
51.7857142857143
51.7857142857143
68.5357142857143
68.5357142857143
65.5714285714286
65.5714285714286
51.7857142857143
51.7857142857143
54
54
52.6785714285714
52.6785714285714
52.6785714285714
52.6785714285714
52.6785714285714
52.6785714285714
56.4642857142857
56.4642857142857
425.285714285714
425.285714285714
51.7857142857143
51.7857142857143
66.0714285714286
66.0714285714286
135.25
135.25
128.928571428571
128.928571428571
132.821428571429
132.821428571429
62.5
62.5
62.5
62.5
62.5
62.5
62.5
62.5
62.5
62.5
62.5
62.5
62.5
62.5
62.5
62.5
62.5
62.5
62.5
62.5
66.0714285714286
66.0714285714286
66.0714285714286
66.0714285714286
66.0714285714286
66.0714285714286
97.7142857142857
97.7142857142857
52.3214285714286
52.3214285714286
83.6071428571429
83.6071428571429
69.5357142857143
69.5357142857143
52.3214285714286
52.3214285714286
52.4285714285714
52.4285714285714
52.5
52.5
117
117
72.6428571428571
72.6428571428571
57.4642857142857
57.4642857142857
59.8214285714286
59.8214285714286
56.6785714285714
56.6785714285714
57.4642857142857
57.4642857142857
57.0714285714286
57.0714285714286
59.8214285714286
59.8214285714286
62.2142857142857
62.2142857142857
66.0714285714286
66.0714285714286
67.8571428571429
67.8571428571429
67.8571428571429
67.8571428571429
120.428571428571
120.428571428571
67.8571428571429
67.8571428571429
51.7857142857143
51.7857142857143
67.8571428571429
67.8571428571429
67.8571428571429
67.8571428571429
88.75
88.75
90.4642857142857
90.4642857142857
86.7857142857143
86.7857142857143
90.4642857142857
90.4642857142857
92.5357142857143
92.5357142857143
90.4642857142857
90.4642857142857
90.4642857142857
90.4642857142857
90.9642857142857
90.9642857142857
90.4642857142857
90.4642857142857
89.4642857142857
89.4642857142857
51.7857142857143
51.7857142857143
106.892857142857
106.892857142857
103.821428571429
103.821428571429
59.0357142857143
59.0357142857143
58.5357142857143
58.5357142857143
53.5714285714286
53.5714285714286
53.5714285714286
53.5714285714286
51.7857142857143
51.7857142857143
51.7857142857143
51.7857142857143
18.2142857142857
18.2142857142857
51.7857142857143
51.7857142857143
16.6071428571429
16.6071428571429
16.6071428571429
16.6071428571429
52.3214285714286
52.3214285714286
16.6071428571429
16.6071428571429
16.6071428571429
16.6071428571429
16.6071428571429
16.6071428571429
64.4642857142857
64.4642857142857
62.5
62.5
59.3928571428571
59.3928571428571
62.5
62.5
38.9642857142857
38.9642857142857
33.7678571428571
33.7678571428571
18.6071428571429
18.6071428571429
18.6071428571429
18.6071428571429
18.6071428571429
18.6071428571429
18.6071428571429
18.6071428571429
21.5178571428571
21.5178571428571
35.7142857142857
35.7142857142857
55.3571428571429
55.3571428571429
66.0714285714286
66.0714285714286
61.3928571428571
61.3928571428571
55.3571428571429
55.3571428571429
55.3571428571429
55.3571428571429
55.3571428571429
55.3571428571429
55.3571428571429
55.3571428571429
325.875
325.875
62.4821428571429
62.4821428571429
62.4821428571429
62.4821428571429
62.4821428571429
62.4821428571429
74.5178571428571
74.5178571428571
74.5178571428571
74.5178571428571
74.5178571428571
74.5178571428571
74.5178571428571
74.5178571428571
64.8928571428571
64.8928571428571
63.4642857142857
63.4642857142857
64.2142857142857
64.2142857142857
65.1785714285714
65.1785714285714
65.1785714285714
65.1785714285714
257.410714285714
257.410714285714
257.982142857143
257.982142857143
260.660714285714
260.660714285714
57.9285714285714
57.9285714285714
58.8214285714286
58.8214285714286
52.6785714285714
52.6785714285714
52.6785714285714
52.6785714285714
54
54
52.1785714285714
52.1785714285714
53.6428571428571
53.6428571428571
52.6785714285714
52.6785714285714
21.8928571428571
21.8928571428571
21.5714285714286
21.5714285714286
70
70
70.3571428571429
70.3571428571429
68.75
68.75
64.2857142857143
64.2857142857143
53.5714285714286
53.5714285714286
53.5714285714286
53.5714285714286
58.9285714285714
58.9285714285714
55.3571428571429
55.3571428571429
55.3571428571429
55.3571428571429
55.3571428571429
55.3571428571429
51.7857142857143
51.7857142857143
56.2321428571429
56.2321428571429
51.7857142857143
51.7857142857143
51.7857142857143
51.7857142857143
43.1785714285714
43.1785714285714
26
26
51.7857142857143
51.7857142857143
45.6785714285714
45.6785714285714
40.4642857142857
40.4642857142857
60.6785714285714
60.6785714285714
30.8571428571429
30.8571428571429
51.7857142857143
51.7857142857143
57.7142857142857
57.7142857142857
51.3571428571429
51.3571428571429
49.0714285714286
49.0714285714286
52.3571428571429
52.3571428571429
49.3214285714286
49.3214285714286
51.7857142857143
51.7857142857143
59.5714285714286
59.5714285714286
52
52
48.5714285714286
48.5714285714286
43.5
43.5
51.7857142857143
51.7857142857143
62.4821428571429
62.4821428571429
64.2142857142857
64.2142857142857
64.2857142857143
64.2857142857143
67.1428571428571
67.1428571428571
63.3214285714286
63.3214285714286
63.3928571428571
63.3928571428571
62.4821428571429
62.4821428571429
66.1071428571429
66.1071428571429
13.9642857142857
13.9642857142857
32.2857142857143
32.2857142857143
63.1785714285714
63.1785714285714
62.4821428571429
62.4821428571429
62.4821428571429
62.4821428571429
67.1071428571429
67.1071428571429
62.4821428571429
62.4821428571429
83.9285714285714
83.9285714285714
66.0714285714286
66.0714285714286
80.3571428571429
80.3571428571429
62.4821428571429
62.4821428571429
62.4821428571429
62.4821428571429
59.5535714285714
59.5535714285714
92.8571428571429
92.8571428571429
92.8571428571429
92.8571428571429
92.8571428571429
92.8571428571429
62.5
62.5
62.875
62.875
62.5
62.5
21.25
21.25
21.25
21.25
21.25
21.25
21.25
21.25
21.25
21.25
30
30
30.3571428571429
30.3571428571429
37.3214285714286
37.3214285714286
37.3214285714286
37.3214285714286
21.25
21.25
26.25
26.25
34.2857142857143
34.2857142857143
30
30
30
30
62.5
62.5
57.4642857142857
57.4642857142857
58.0357142857143
58.0357142857143
62.5
62.5
59.3214285714286
59.3214285714286
13.8571428571429
13.8571428571429
64.1071428571429
64.1071428571429
63.1785714285714
63.1785714285714
63.8928571428571
63.8928571428571
57.7142857142857
57.7142857142857
66.5357142857143
66.5357142857143
62.5
62.5
62.5
62.5
62.5
62.5
62.5
62.5
62.5
62.5
62.5
62.5
66.0714285714286
66.0714285714286
66.0714285714286
66.0714285714286
66.0714285714286
66.0714285714286
66.9107142857143
66.9107142857143
66.0714285714286
66.0714285714286
74.5178571428571
74.5178571428571
74.5178571428571
74.5178571428571
92.8571428571429
92.8571428571429
92.8571428571429
92.8571428571429
14.4285714285714
14.4285714285714
61.8571428571429
61.8571428571429
64.2857142857143
64.2857142857143
65.5714285714286
65.5714285714286
10.7142857142857
10.7142857142857
10.7142857142857
10.7142857142857
10.7142857142857
10.7142857142857
31.8571428571429
31.8571428571429
34.2857142857143
34.2857142857143
30.3571428571429
30.3571428571429
139.5
139.5
136.892857142857
136.892857142857
128.035714285714
128.035714285714
297
297
133.535714285714
133.535714285714
51.1071428571429
51.1071428571429
141.464285714286
141.464285714286
136
136
116.321428571429
116.321428571429
132.142857142857
132.142857142857
167.607142857143
167.607142857143
122.464285714286
122.464285714286
110.714285714286
110.714285714286
117.428571428571
117.428571428571
110.714285714286
110.714285714286
110.714285714286
110.714285714286
126.785714285714
126.785714285714
119.678571428571
119.678571428571
127.464285714286
127.464285714286
40.8928571428571
40.8928571428571
129.857142857143
129.857142857143
169.892857142857
169.892857142857
149.75
149.75
123.142857142857
123.142857142857
168.321428571429
168.321428571429
173.214285714286
173.214285714286
156.5
156.5
87.5
87.5
87.5
87.5
87.5
87.5
141.535714285714
141.535714285714
153.571428571429
153.571428571429
145.678571428571
145.678571428571
153.571428571429
153.571428571429
142.035714285714
142.035714285714
153.571428571429
153.571428571429
157.535714285714
157.535714285714
153.571428571429
153.571428571429
160.607142857143
160.607142857143
139.464285714286
139.464285714286
146.571428571429
146.571428571429
180.285714285714
180.285714285714
184.535714285714
184.535714285714
184.428571428571
184.428571428571
184.285714285714
184.285714285714
184.5
184.5
52.6785714285714
52.6785714285714
52.6785714285714
52.6785714285714
145.357142857143
145.357142857143
152.964285714286
152.964285714286
0
0
34.8214285714286
34.8214285714286
192.071428571429
192.071428571429
101.232142857143
101.232142857143
285.142857142857
285.142857142857
276.053571428571
276.053571428571
173.75
173.75
172.839285714286
172.839285714286
255.696428571429
255.696428571429
381.482142857143
381.482142857143
275.839285714286
275.839285714286
267.714285714286
267.714285714286
156.25
156.25
474.357142857143
474.357142857143
36.25
36.25
34.6428571428571
34.6428571428571
36.25
36.25
34.6428571428571
34.6428571428571
34.6428571428571
34.6428571428571
42.8571428571429
42.8571428571429
42.8571428571429
42.8571428571429
54.0357142857143
54.0357142857143
54.0357142857143
54.0357142857143
35.7142857142857
35.7142857142857
35.7142857142857
35.7142857142857
317.678571428571
317.678571428571
326.571428571429
326.571428571429
35.7142857142857
35.7142857142857
35.7142857142857
35.7142857142857
35.7142857142857
35.7142857142857
35.7142857142857
35.7142857142857
34.8214285714286
34.8214285714286
34.8214285714286
34.8214285714286
35.7142857142857
35.7142857142857
402.107142857143
402.107142857143
52.6785714285714
52.6785714285714
52.6785714285714
52.6785714285714
52.6785714285714
52.6785714285714
52.6785714285714
52.6785714285714
52.6785714285714
52.6785714285714
52.6785714285714
52.6785714285714
35.7142857142857
35.7142857142857
157.607142857143
157.607142857143
34.6428571428571
34.6428571428571
34.6428571428571
34.6428571428571
34.6428571428571
34.6428571428571
213.535714285714
213.535714285714
45.1785714285714
45.1785714285714
45.1785714285714
45.1785714285714
46.6071428571429
46.6071428571429
45.1785714285714
45.1785714285714
44.9642857142857
44.9642857142857
46.6071428571429
46.6071428571429
36.6071428571429
36.6071428571429
36.6071428571429
36.6071428571429
269.017857142857
269.017857142857
209.178571428571
209.178571428571
35.2857142857143
35.2857142857143
37.6071428571429
37.6071428571429
51.0714285714286
51.0714285714286
35.7142857142857
35.7142857142857
1172.25
1172.25
1222.64285714286
1222.64285714286
1217.60714285714
1217.60714285714
1214
1214
28.2142857142857
28.2142857142857
36.25
36.25
137.5
137.5
51.5
51.5
51.5
51.5
51.5
51.5
51.5
51.5
51.5
51.5
51.5
51.5
49.75
49.75
51.5
51.5
51.5
51.5
36.1071428571429
36.1071428571429
35.7142857142857
35.7142857142857
35.7142857142857
35.7142857142857
35.7142857142857
35.7142857142857
35.7142857142857
35.7142857142857
35.7142857142857
35.7142857142857
35.7142857142857
35.7142857142857
35.7142857142857
35.7142857142857
35.7142857142857
35.7142857142857
35.7142857142857
35.7142857142857
45.25
45.25
45.1071428571429
45.1071428571429
46
46
46.4285714285714
46.4285714285714
46.4285714285714
46.4285714285714
42.8571428571429
42.8571428571429
45.5357142857143
45.5357142857143
46.4285714285714
46.4285714285714
45.5357142857143
45.5357142857143
42.8571428571429
42.8571428571429
45.1071428571429
45.1071428571429
42.8571428571429
42.8571428571429
42.8571428571429
42.8571428571429
43.8214285714286
43.8214285714286
57.0357142857143
57.0357142857143
45.3571428571429
45.3571428571429
44.2857142857143
44.2857142857143
46.4285714285714
46.4285714285714
43.75
43.75
46.4285714285714
46.4285714285714
31.25
31.25
35.7142857142857
35.7142857142857
32.1428571428571
32.1428571428571
35.7142857142857
35.7142857142857
47.3214285714286
47.3214285714286
46.4285714285714
46.4285714285714
47.3214285714286
47.3214285714286
46
46
45.5357142857143
45.5357142857143
45.1071428571429
45.1071428571429
42.8571428571429
42.8571428571429
41.5
41.5
42.8571428571429
42.8571428571429
42.8571428571429
42.8571428571429
46.4285714285714
46.4285714285714
34.3928571428571
34.3928571428571
41.0714285714286
41.0714285714286
34.6428571428571
34.6428571428571
303.75
303.75
30.5
30.5
45.1071428571429
45.1071428571429
43.6785714285714
43.6785714285714
45.5357142857143
45.5357142857143
41.0714285714286
41.0714285714286
44.6428571428571
44.6428571428571
41.0714285714286
41.0714285714286
163.392857142857
163.392857142857
137.928571428571
137.928571428571
29.4642857142857
29.4642857142857
40.4285714285714
40.4285714285714
126.785714285714
126.785714285714
126.785714285714
126.785714285714
29.2857142857143
29.2857142857143
1607.85714285714
1607.85714285714
147.678571428571
147.678571428571
149.107142857143
149.107142857143
154.392857142857
154.392857142857
147.321428571429
147.321428571429
155.928571428571
155.928571428571
151.285714285714
151.285714285714
153.428571428571
153.428571428571
267.696428571429
267.696428571429
35.7142857142857
35.7142857142857
35.7142857142857
35.7142857142857
35.7142857142857
35.7142857142857
32.8214285714286
32.8214285714286
33.9285714285714
33.9285714285714
30.3571428571429
30.3571428571429
30.3571428571429
30.3571428571429
33.9285714285714
33.9285714285714
26.7857142857143
26.7857142857143
30.3571428571429
30.3571428571429
30.3571428571429
30.3571428571429
35.7142857142857
35.7142857142857
35.7142857142857
35.7142857142857
35.7142857142857
35.7142857142857
35.7142857142857
35.7142857142857
35.7142857142857
35.7142857142857
35.7142857142857
35.7142857142857
36.0714285714286
36.0714285714286
36.0714285714286
36.0714285714286
36.0714285714286
36.0714285714286
36.0714285714286
36.0714285714286
32.1428571428571
32.1428571428571
36.0714285714286
36.0714285714286
36.0714285714286
36.0714285714286
33.9285714285714
33.9285714285714
33.9285714285714
33.9285714285714
33.9285714285714
33.9285714285714
30.3571428571429
30.3571428571429
36.0714285714286
36.0714285714286
36.0714285714286
36.0714285714286
36.0714285714286
36.0714285714286
36.0714285714286
36.0714285714286
32.1428571428571
32.1428571428571
37.5
37.5
36.0714285714286
36.0714285714286
36.0714285714286
36.0714285714286
36.0714285714286
36.0714285714286
36.0714285714286
36.0714285714286
36.0714285714286
36.0714285714286
36.0714285714286
36.0714285714286
36.0714285714286
36.0714285714286
32.1428571428571
32.1428571428571
32.1428571428571
32.1428571428571
32.1428571428571
32.1428571428571
32.1428571428571
32.1428571428571
35.6428571428571
35.6428571428571
32.1428571428571
32.1428571428571
29.7857142857143
29.7857142857143
0
0
0
0
56.75
56.75
35.7142857142857
35.7142857142857
36.4285714285714
36.4285714285714
33.2142857142857
33.2142857142857
32.1428571428571
32.1428571428571
33.9285714285714
33.9285714285714
32.1428571428571
32.1428571428571
37.5
37.5
30.3571428571429
30.3571428571429
30.3571428571429
30.3571428571429
30.3571428571429
30.3571428571429
12.5
12.5
12.5
12.5
33.9285714285714
33.9285714285714
34.0357142857143
34.0357142857143
34.0357142857143
34.0357142857143
34.0357142857143
34.0357142857143
34.0357142857143
34.0357142857143
34.0357142857143
34.0357142857143
34.0357142857143
34.0357142857143
34.0357142857143
34.0357142857143
34.0357142857143
34.0357142857143
34.0357142857143
34.0357142857143
35.7142857142857
35.7142857142857
35.7142857142857
35.7142857142857
33.9285714285714
33.9285714285714
35.7142857142857
35.7142857142857
35.7142857142857
35.7142857142857
35.7142857142857
35.7142857142857
35.7142857142857
35.7142857142857
35.7142857142857
35.7142857142857
35.7142857142857
35.7142857142857
35.7142857142857
35.7142857142857
35.7142857142857
35.7142857142857
39.2857142857143
39.2857142857143
32.1428571428571
32.1428571428571
35.7142857142857
35.7142857142857
39.2857142857143
39.2857142857143
38.3928571428571
38.3928571428571
35.7142857142857
35.7142857142857
42.8571428571429
42.8571428571429
32.1428571428571
32.1428571428571
38.3928571428571
38.3928571428571
42.3214285714286
42.3214285714286
32.1428571428571
32.1428571428571
32.1428571428571
32.1428571428571
32.1428571428571
32.1428571428571
38.3928571428571
38.3928571428571
35.7142857142857
35.7142857142857
35.7142857142857
35.7142857142857
41.0714285714286
41.0714285714286
35.7142857142857
35.7142857142857
33.3571428571429
33.3571428571429
35.7142857142857
35.7142857142857
33.3928571428571
33.3928571428571
40.8928571428571
40.8928571428571
36.6428571428571
36.6428571428571
34.9642857142857
34.9642857142857
39.4285714285714
39.4285714285714
42.25
42.25
32
32
38.75
38.75
37.5714285714286
37.5714285714286
31.8928571428571
31.8928571428571
35.7142857142857
35.7142857142857
38.9642857142857
38.9642857142857
38.1785714285714
38.1785714285714
35.7142857142857
35.7142857142857
32.1428571428571
32.1428571428571
38.3928571428571
38.3928571428571
35.7142857142857
35.7142857142857
35.7142857142857
35.7142857142857
35.7142857142857
35.7142857142857
35.7142857142857
35.7142857142857
35.7142857142857
35.7142857142857
35.7142857142857
35.7142857142857
39.6428571428571
39.6428571428571
32.1428571428571
32.1428571428571
40.5
40.5
35.7142857142857
35.7142857142857
31.8928571428571
31.8928571428571
33.5357142857143
33.5357142857143
39.1785714285714
39.1785714285714
31.6785714285714
31.6785714285714
39
39
35.7142857142857
35.7142857142857
35.7142857142857
35.7142857142857
35.7142857142857
35.7142857142857
35.7142857142857
35.7142857142857
35.7142857142857
35.7142857142857
35.7142857142857
35.7142857142857
35.7142857142857
35.7142857142857
35.7142857142857
35.7142857142857
38.3928571428571
38.3928571428571
35.7142857142857
35.7142857142857
38.0357142857143
38.0357142857143
35.7142857142857
35.7142857142857
35.7142857142857
35.7142857142857
38.3928571428571
38.3928571428571
38.3928571428571
38.3928571428571
35.7142857142857
35.7142857142857
33.9285714285714
33.9285714285714
28.5714285714286
28.5714285714286
35.7142857142857
35.7142857142857
51.7857142857143
51.7857142857143
39.2857142857143
39.2857142857143
35.7142857142857
35.7142857142857
35.7142857142857
35.7142857142857
32.1428571428571
32.1428571428571
32.1428571428571
32.1428571428571
32.1428571428571
32.1428571428571
32.1428571428571
32.1428571428571
32.1428571428571
32.1428571428571
32.1428571428571
32.1428571428571
32.1428571428571
32.1428571428571
32.1428571428571
32.1428571428571
32.1428571428571
32.1428571428571
32.1428571428571
32.1428571428571
32.1428571428571
32.1428571428571
32.1428571428571
32.1428571428571
32.1428571428571
32.1428571428571
33.9285714285714
33.9285714285714
37.5
37.5
39.2857142857143
39.2857142857143
57.1428571428571
57.1428571428571
42.8571428571429
42.8571428571429
32.1428571428571
32.1428571428571
37.5
37.5
35.7142857142857
35.7142857142857
34.8214285714286
34.8214285714286
34.8214285714286
34.8214285714286
39.1785714285714
39.1785714285714
35.7142857142857
35.7142857142857
39.1785714285714
39.1785714285714
35.7142857142857
35.7142857142857
35.7142857142857
35.7142857142857
37.5
37.5
34.0357142857143
34.0357142857143
34.8214285714286
34.8214285714286
34.8214285714286
34.8214285714286
12.5
12.5
34.8214285714286
34.8214285714286
34.8214285714286
34.8214285714286
34.8214285714286
34.8214285714286
34.8214285714286
34.8214285714286
34.8214285714286
34.8214285714286
34.8214285714286
34.8214285714286
34.8214285714286
34.8214285714286
42.8571428571429
42.8571428571429
42.8571428571429
42.8571428571429
42.8571428571429
42.8571428571429
42.5357142857143
42.5357142857143
42.8571428571429
42.8571428571429
42.8571428571429
42.8571428571429
42.8571428571429
42.8571428571429
42.8571428571429
42.8571428571429
42.8571428571429
42.8571428571429
42.8571428571429
42.8571428571429
42.8571428571429
42.8571428571429
42.8571428571429
42.8571428571429
42.8571428571429
42.8571428571429
42.8571428571429
42.8571428571429
42.8571428571429
42.8571428571429
34.8214285714286
34.8214285714286
42.8571428571429
42.8571428571429
42.8571428571429
42.8571428571429
44.1785714285714
44.1785714285714
40.0357142857143
40.0357142857143
42.8571428571429
42.8571428571429
42.8571428571429
42.8571428571429
34.8214285714286
34.8214285714286
42.8571428571429
42.8571428571429
42.8571428571429
42.8571428571429
42.8571428571429
42.8571428571429
32.1428571428571
32.1428571428571
42.8571428571429
42.8571428571429
35.7142857142857
35.7142857142857
35.7142857142857
35.7142857142857
39.2857142857143
39.2857142857143
35.7142857142857
35.7142857142857
58.9285714285714
58.9285714285714
55.3571428571429
55.3571428571429
51.7857142857143
51.7857142857143
35.7142857142857
35.7142857142857
39.2857142857143
39.2857142857143
39.2857142857143
39.2857142857143
32.1428571428571
32.1428571428571
41.0714285714286
41.0714285714286
41.0714285714286
41.0714285714286
34.8214285714286
34.8214285714286
35.7142857142857
35.7142857142857
155.25
155.25
66.0714285714286
66.0714285714286
35.7142857142857
35.7142857142857
27.3571428571429
27.3571428571429
25
25
28.5714285714286
28.5714285714286
28.5714285714286
28.5714285714286
28.5714285714286
28.5714285714286
32.1428571428571
32.1428571428571
25
25
32.1428571428571
32.1428571428571
39.2857142857143
39.2857142857143
39.2857142857143
39.2857142857143
42.3214285714286
42.3214285714286
37.5
37.5
39.2857142857143
39.2857142857143
42.8571428571429
42.8571428571429
42.8571428571429
42.8571428571429
42.8571428571429
42.8571428571429
42.8571428571429
42.8571428571429
42.8571428571429
42.8571428571429
40
40
42.8571428571429
42.8571428571429
34.8214285714286
34.8214285714286
34.8214285714286
34.8214285714286
33.9285714285714
33.9285714285714
34.8214285714286
34.8214285714286
34.8214285714286
34.8214285714286
39.2857142857143
39.2857142857143
39.2857142857143
39.2857142857143
39.2857142857143
39.2857142857143
38.3928571428571
38.3928571428571
38.3928571428571
38.3928571428571
30.3571428571429
30.3571428571429
30.3571428571429
30.3571428571429
30.3571428571429
30.3571428571429
343.017857142857
343.017857142857
305.428571428571
305.428571428571
239.285714285714
239.285714285714
33.9285714285714
33.9285714285714
37.0714285714286
37.0714285714286
41.0714285714286
41.0714285714286
41.0714285714286
41.0714285714286
36
36
35.7142857142857
35.7142857142857
33.9285714285714
33.9285714285714
33.9285714285714
33.9285714285714
53.5714285714286
53.5714285714286
329.25
329.25
28.9642857142857
28.9642857142857
28.9642857142857
28.9642857142857
28.9642857142857
28.9642857142857
28.9642857142857
28.9642857142857
26.3214285714286
26.3214285714286
28.9642857142857
28.9642857142857
30.8571428571429
30.8571428571429
174.642857142857
174.642857142857
28.5357142857143
28.5357142857143
1141.07142857143
1141.07142857143
1141.07142857143
1141.07142857143
